"sleep" "care" "eat" "food" "house" "clothes" "maintenance" "travel" "work" "education" "children" "shopping" "leisure" "other"
38 0 0 16 0 0 0 0 41 0 49 0 0 0
51 9 21 5 20 3 0 0 0 0 0 0 35 0
57 12 9 0 16 0 0 1 0 0 0 0 49 0
49 11 11 9 0 0 0 0 0 0 0 4 60 0
43 4 1 3 0 0 0 9 50 0 11 1 22 0
60 0 11 0 12 0 0 22 0 0 0 0 39 0
48 7 9 12 0 0 0 8 46 0 0 0 14 0
65 5 0 0 14 0 0 16 0 0 18 0 26 0
54 3 3 0 0 0 0 5 44 0 22 0 13 0
55 4 0 3 4 0 0 6 0 0 0 0 61 11
44 4 5 0 0 0 0 13 66 0 0 0 12 0
72 9 16 6 11 0 8 5 0 0 0 0 17 0
53 5 9 0 2 0 0 2 51 0 1 0 20 1
61 2 4 5 0 0 0 8 42 0 10 0 12 0
64 6 6 7 0 0 0 14 42 0 5 0 0 0
56 6 6 0 0 0 0 5 55 0 0 0 16 0
47 2 10 2 0 0 0 8 42 0 0 0 31 2
48 4 2 2 0 0 0 7 63 0 0 0 18 0
63 5 6 3 6 0 0 0 0 0 0 0 61 0
61 9 8 9 0 0 0 3 48 0 0 0 6 0
52 0 18 0 0 0 0 5 42 0 26 0 0 1
47 3 6 0 0 0 0 8 50 0 4 0 26 0
57 2 2 5 3 0 0 0 46 0 20 0 9 0
73 10 4 0 0 0 0 24 0 0 0 0 31 2
71 0 0 0 0 0 0 0 54 0 0 0 12 7
61 8 7 6 2 0 0 0 0 0 0 0 55 5
40 6 5 5 6 0 0 13 0 0 0 7 27 35
48 6 4 0 0 0 0 16 69 0 0 0 1 0
46 5 10 3 0 0 0 0 27 0 2 0 51 0
52 5 3 0 0 0 0 4 47 0 10 0 19 4
58 8 11 3 0 0 4 6 29 0 0 0 24 1
69 5 3 5 0 0 0 7 50 0 0 0 5 0
31 2 7 10 6 0 0 11 35 0 0 0 40 2
51 8 9 4 0 0 0 2 0 0 61 0 9 0
51 5 7 0 0 0 0 0 57 0 0 0 24 0
47 5 19 13 0 0 2 0 0 0 6 0 41 11
54 4 7 3 0 0 0 0 51 0 0 0 24 1
36 3 6 1 7 0 4 5 65 0 0 0 17 0
45 3 3 3 1 0 0 0 0 0 0 0 89 0
83 12 12 0 0 0 0 0 0 0 0 0 37 0
60 10 5 4 3 0 0 1 0 0 0 5 47 9
52 2 3 1 0 0 0 13 56 0 0 0 17 0
76 0 8 4 0 0 0 2 0 0 0 0 54 0
63 0 7 0 0 0 0 0 34 9 0 0 10 21
69 3 9 3 0 0 0 0 0 0 0 0 60 0
49 3 3 1 0 0 0 3 20 0 0 4 61 0
52 1 5 3 0 0 0 10 48 0 0 0 25 0
54 5 3 6 0 0 0 12 48 0 16 0 0 0
54 2 9 5 2 0 10 0 48 0 0 0 14 0
56 13 2 0 0 0 0 0 5 0 0 0 68 0
66 0 13 0 0 0 0 0 0 0 59 0 6 0
52 7 15 24 0 0 0 2 0 0 0 4 40 0
50 3 6 2 0 3 0 24 0 0 14 7 29 6
51 6 6 12 6 0 0 4 23 0 0 4 30 2
63 13 14 0 0 0 0 0 0 0 0 0 52 2
61 4 6 3 2 0 0 14 0 0 16 9 29 0
35 2 3 6 1 1 0 9 61 0 3 9 14 0
57 0 7 7 3 1 0 11 0 0 11 3 44 0
45 7 7 4 6 0 6 6 0 0 0 19 44 0
53 4 12 10 4 0 15 4 0 0 0 2 25 15
53 4 0 0 0 0 0 0 0 0 0 0 86 1
48 0 6 0 0 0 30 0 36 0 0 0 24 0
43 6 13 22 0 0 0 6 0 0 0 0 23 31
48 3 8 0 0 0 0 0 52 0 17 0 16 0
62 10 16 0 18 4 0 0 0 0 9 9 16 0
44 3 7 2 0 0 0 11 53 0 0 0 24 0
43 7 16 9 3 0 0 6 0 0 0 11 49 0
51 6 5 3 3 0 0 11 52 0 0 0 13 0
50 10 9 6 6 0 0 0 42 0 9 0 12 0
109 3 0 0 0 0 0 2 0 0 28 0 0 2
57 3 3 0 0 0 0 7 45 0 0 0 29 0
48 6 0 9 0 0 0 0 48 0 0 0 24 9
139 0 5 0 0 0 0 0 0 0 0 0 0 0
93 11 10 2 0 0 0 0 0 0 0 0 28 0
63 6 2 5 3 0 0 2 0 39 0 2 16 6
49 9 10 0 0 0 0 15 0 44 0 0 17 0
75 6 9 13 0 0 9 12 0 0 0 11 9 0
73 0 0 0 0 0 0 24 12 0 0 0 31 4
57 3 12 12 6 0 0 6 0 0 0 5 43 0
44 8 6 0 0 1 0 13 39 0 0 0 27 6
27 1 7 8 38 0 0 10 0 0 0 1 52 0
58 3 11 15 3 0 0 0 0 0 0 0 54 0
54 3 9 4 0 0 0 10 49 0 0 0 15 0
51 9 6 0 4 0 0 3 29 0 0 0 27 15
52 3 5 2 0 0 0 15 0 0 28 0 39 0
53 3 4 5 4 0 0 17 33 0 0 2 23 0
107 0 0 0 0 0 0 0 30 0 0 7 0 0
60 4 13 9 6 0 0 0 0 0 21 0 31 0
56 4 15 5 5 0 0 8 0 0 0 13 38 0
53 3 9 15 9 0 0 5 0 0 0 3 44 3
48 5 14 9 0 0 0 9 38 0 0 0 21 0
49 3 30 11 2 0 0 5 0 0 0 2 42 0
50 1 8 2 0 0 0 3 49 0 0 3 28 0
58 0 0 0 0 0 0 0 38 0 48 0 0 0
51 10 6 13 3 0 0 7 0 0 0 11 41 2
63 0 7 3 8 5 0 0 0 0 0 0 58 0
48 3 7 0 0 0 0 9 48 0 0 0 29 0
50 1 9 5 0 0 0 0 54 0 8 0 17 0
60 8 6 0 0 0 0 0 0 0 26 12 32 0
49 4 4 10 2 2 2 8 0 0 0 15 44 4
36 3 5 7 0 0 0 0 60 0 0 0 33 0
52 3 15 0 5 0 0 4 0 0 0 17 44 4
59 3 9 9 0 0 18 2 0 0 0 4 40 0
60 6 2 4 0 0 0 2 53 0 0 0 17 0
42 5 6 0 0 0 0 7 72 0 0 3 9 0
70 3 7 2 0 0 0 12 47 0 3 0 0 0
51 11 1 4 0 0 0 12 0 0 3 0 58 4
35 8 0 0 0 0 0 13 51 0 0 0 37 0
41 5 4 0 0 0 0 0 44 0 0 0 50 0
54 4 0 0 0 0 0 0 54 0 25 0 7 0
33 2 5 8 0 6 0 6 45 0 9 0 23 7
51 7 3 0 0 0 0 13 18 0 0 0 47 5
49 5 12 11 7 0 0 7 0 0 0 0 43 10
60 5 6 0 0 0 0 5 48 0 0 0 20 0
46 3 6 2 1 0 0 5 54 0 0 0 26 1
45 7 10 4 5 0 0 3 0 0 0 13 57 0
51 5 7 0 0 0 0 2 0 0 0 0 78 1
47 9 4 8 3 0 0 1 0 0 0 3 66 3
44 8 13 17 4 1 0 9 13 0 0 3 30 2
54 2 12 11 6 0 0 0 0 0 0 22 37 0
47 4 2 2 0 0 0 11 45 0 3 0 29 1
48 4 4 6 4 0 0 2 49 0 2 0 25 0
51 5 2 5 1 1 0 0 48 0 0 0 31 0
51 4 2 0 0 0 0 32 0 0 0 0 55 0
58 3 6 4 0 0 0 0 0 0 36 7 30 0
60 5 15 6 6 0 12 0 0 0 0 10 30 0
51 4 9 3 1 0 0 3 0 0 0 11 58 4
47 2 5 3 0 0 0 0 53 0 0 0 34 0
52 7 4 3 0 0 0 4 53 0 0 3 18 0
63 2 5 0 0 0 0 3 63 0 2 0 6 0
52 5 9 0 9 0 0 0 51 0 0 0 18 0
46 12 8 9 6 0 0 0 34 0 0 0 29 0
46 3 6 6 5 0 0 0 0 0 0 3 69 6
51 5 5 0 0 0 0 11 54 0 0 0 18 0
57 4 10 9 0 0 0 6 0 0 0 0 58 0
83 2 5 3 3 1 1 0 2 0 31 1 12 0
63 4 10 17 0 0 17 11 0 0 0 0 22 0
54 12 9 3 3 0 0 9 44 0 5 5 0 0
55 9 1 2 0 0 0 26 0 12 0 0 36 3
57 9 5 6 4 4 11 4 0 0 0 0 44 0
62 6 7 5 0 0 1 16 12 0 0 2 31 2
55 2 11 2 0 0 0 8 46 0 0 0 20 0
50 6 5 0 0 0 0 6 67 0 0 0 10 0
51 2 4 0 1 0 0 6 49 25 0 0 6 0
51 1 4 8 4 0 0 6 48 0 0 0 22 0
55 3 0 0 0 0 0 0 0 21 0 0 65 0
64 5 5 3 0 0 0 18 19 0 0 0 30 0
50 0 3 0 0 21 0 6 51 0 12 0 0 1
47 3 5 5 0 0 0 5 53 0 2 0 24 0
39 3 3 3 0 0 0 0 60 0 12 0 24 0
61 2 3 5 3 0 0 0 0 0 0 8 58 4
57 6 8 1 0 0 0 9 44 0 0 1 18 0
60 9 7 5 0 0 0 3 0 0 0 6 54 0
33 3 3 0 9 0 3 16 36 0 0 4 24 13
53 7 6 5 2 3 0 11 23 0 0 0 28 6
46 6 15 12 0 0 0 8 0 0 0 11 44 2
47 6 5 0 0 0 0 8 33 0 0 2 43 0
54 6 9 0 0 0 0 8 67 0 0 0 0 0
62 3 7 3 0 0 0 0 54 0 15 0 0 0
40 4 12 0 0 0 0 6 30 0 0 0 46 6
45 3 0 11 0 0 0 16 0 0 13 7 31 18
51 8 12 2 0 0 0 3 0 0 5 3 60 0
38 2 4 0 0 0 0 0 0 0 53 0 47 0
44 8 0 8 4 0 0 10 51 0 0 0 19 0
46 2 2 2 0 0 2 3 54 0 0 1 26 6
46 4 9 4 0 0 3 18 0 0 0 0 60 0
41 3 8 3 0 0 0 4 53 0 8 0 23 1
60 3 14 10 0 0 0 18 0 0 3 0 36 0
63 5 3 0 0 0 0 1 0 0 0 8 64 0
68 3 7 4 11 0 0 0 0 0 41 0 10 0
53 2 9 4 3 1 0 0 45 0 0 0 27 0
77 5 6 0 0 0 0 0 0 0 0 0 56 0
54 6 8 5 4 3 10 6 0 0 0 0 48 0
46 7 7 5 3 0 0 9 41 0 0 0 26 0
34 7 15 0 0 0 0 16 0 0 0 0 72 0
47 0 5 0 0 0 0 26 45 11 0 0 10 0
46 9 5 0 0 0 13 20 0 0 0 0 25 26
48 10 2 2 0 0 2 0 33 0 11 0 36 0
63 3 2 5 0 0 0 3 54 0 0 0 12 2
47 3 10 2 0 0 0 0 54 0 0 0 28 0
64 2 3 0 0 0 0 1 65 0 9 0 0 0
69 7 8 8 0 0 0 0 0 0 0 0 51 1
48 5 16 10 0 0 0 0 25 0 0 6 34 0
63 3 9 6 8 0 0 10 0 0 0 0 39 6
15 3 4 0 0 0 4 12 0 0 0 0 94 12
57 7 12 0 0 0 0 0 28 0 0 20 20 0
39 3 8 12 3 5 0 4 0 0 0 0 42 28
51 5 16 11 4 3 0 4 0 0 0 3 41 6
44 0 0 7 5 0 0 0 68 0 9 0 11 0
30 26 6 4 0 6 4 12 0 0 0 3 53 0
43 2 3 2 0 0 0 6 38 0 0 0 50 0
46 3 10 14 0 10 0 0 33 0 0 0 28 0
55 0 4 9 0 0 0 24 0 0 27 13 12 0
51 4 6 10 3 0 0 8 0 0 24 0 35 3
62 3 10 5 0 0 0 15 31 0 5 5 7 1
54 5 9 2 6 0 0 0 0 0 0 0 68 0
56 5 8 9 4 0 0 0 0 0 0 0 42 20
23 0 5 0 1 0 3 8 26 0 7 2 69 0
66 5 6 7 0 10 0 0 19 0 6 0 25 0
56 4 4 4 1 5 0 0 50 0 4 0 16 0
50 3 12 9 0 0 9 0 0 0 0 0 61 0
61 6 5 10 0 12 12 2 0 0 0 0 24 12
65 3 5 2 4 0 6 10 49 0 0 0 0 0
47 7 7 5 0 0 0 0 9 0 38 7 11 13
51 9 9 3 3 0 0 6 48 0 0 3 12 0
55 10 2 2 0 0 0 15 0 0 0 0 60 0
32 6 0 0 4 0 0 7 60 0 10 5 20 0
81 4 4 1 7 0 0 0 7 0 0 0 40 0
66 7 13 12 0 0 0 0 0 0 11 0 35 0
52 2 19 0 8 0 10 14 0 0 0 8 31 0
54 2 4 18 0 0 2 0 0 0 0 0 64 0
66 7 8 0 0 0 0 14 0 21 0 0 28 0
48 3 10 4 6 0 0 10 41 0 0 3 19 0
46 4 5 7 0 3 0 4 46 0 0 0 29 0
55 7 3 5 0 0 0 7 0 0 0 0 22 45
53 4 11 19 0 0 0 0 0 0 0 8 49 0
52 9 5 0 3 0 0 2 48 0 8 0 17 0
62 7 5 2 0 0 0 4 58 0 0 0 6 0
60 2 3 4 0 0 0 8 51 0 0 5 11 0
61 10 7 4 0 0 0 15 47 0 0 0 0 0
61 0 5 0 0 0 0 5 36 0 34 0 3 0
53 3 9 2 5 0 4 0 0 0 0 6 62 0
58 5 13 16 15 0 0 0 0 0 0 0 37 0
120 7 17 0 0 0 0 0 0 0 0 0 0 0
67 3 4 5 6 0 0 15 0 0 24 7 12 1
72 5 17 6 3 0 0 6 0 0 0 0 35 0
57 8 23 3 0 0 11 12 0 0 0 3 27 0
64 9 2 0 0 0 0 13 56 0 0 0 0 0
60 12 0 0 18 0 0 0 0 0 0 0 54 0
59 5 15 8 3 0 13 9 0 0 0 5 27 0
41 8 9 7 0 0 0 22 43 0 0 0 14 0
36 6 9 0 0 0 0 0 36 18 0 0 39 0
75 6 15 0 0 0 0 0 0 0 0 0 36 12
41 10 15 0 0 0 0 0 42 0 0 0 9 27
53 4 11 21 9 0 0 6 0 0 0 0 40 0
52 7 11 8 4 4 3 6 0 0 0 4 38 7
47 7 19 15 0 11 0 0 0 0 0 0 45 0
40 3 1 0 0 0 0 21 50 0 0 0 27 2
51 9 16 5 3 0 0 10 0 0 0 0 46 4
51 4 9 10 0 0 0 3 0 0 38 0 16 13
54 3 12 1 0 0 0 12 0 0 0 5 50 7
59 8 3 0 0 0 0 5 59 0 4 0 6 0
57 3 4 9 0 0 0 8 44 0 19 0 0 0
41 4 4 11 0 0 5 4 54 0 0 0 21 0
48 4 2 2 0 0 0 10 57 0 0 0 19 2
45 7 7 12 8 0 0 6 0 0 0 11 43 5
53 3 13 0 3 0 0 7 0 0 0 4 37 24
44 7 2 0 0 0 0 10 0 0 53 0 28 0
66 4 10 6 0 3 0 0 38 0 0 0 16 1
55 3 8 3 0 0 0 11 0 0 0 1 38 25
49 3 8 4 2 1 0 7 0 0 27 0 17 26
70 6 19 18 0 0 10 14 0 0 0 0 7 0
57 12 12 6 0 0 0 0 45 0 0 0 12 0
94 3 5 1 0 0 0 0 0 0 0 0 41 0
57 6 13 16 18 0 16 0 0 0 0 18 0 0
51 3 17 12 14 6 0 12 0 0 27 0 2 0
57 6 17 0 0 0 0 8 0 0 0 0 56 0
49 12 10 4 5 0 0 8 38 0 0 1 17 0
54 7 9 7 0 3 0 2 0 0 0 11 51 0
47 4 7 6 0 0 0 14 0 0 0 15 43 8
52 2 16 2 0 0 3 0 0 0 0 0 57 12
47 6 5 13 24 2 0 5 0 0 0 7 35 0
76 2 6 2 0 0 3 28 0 0 0 0 27 0
58 8 10 5 1 0 0 10 0 0 0 4 48 0
48 4 14 5 0 0 0 29 0 0 0 0 30 14
45 2 9 0 0 0 0 3 44 0 0 0 41 0
49 5 5 1 1 0 0 14 41 0 0 5 23 0
62 3 3 5 0 0 0 7 0 0 0 1 59 4
44 8 5 7 2 0 19 4 0 0 0 2 45 8
62 6 19 10 7 0 0 0 0 0 12 9 19 0
67 4 3 0 2 0 0 3 46 0 0 0 14 5
48 9 7 0 0 0 0 6 47 0 0 0 27 0
60 6 9 4 14 9 0 0 0 0 0 12 30 0
53 2 2 1 0 0 0 0 54 0 0 0 32 0
37 10 7 5 0 0 0 17 48 0 0 0 20 0
43 7 6 0 2 4 0 9 20 0 0 2 51 0
43 7 7 1 0 0 0 18 45 0 0 0 23 0
50 6 10 2 0 0 0 14 0 0 0 2 55 5
60 10 4 14 6 3 0 0 0 0 37 0 10 0
57 7 17 0 0 0 0 6 0 0 0 0 50 7
59 4 3 6 0 0 0 0 51 0 0 0 19 2
48 5 10 0 0 0 0 0 48 0 0 0 33 0
52 3 22 4 1 0 9 11 0 0 0 1 31 10
63 9 9 0 0 0 0 0 48 0 0 0 15 0
56 3 10 6 0 0 0 0 0 0 0 0 69 0
38 6 8 6 0 0 0 15 45 0 0 0 20 6
63 3 3 4 0 0 0 0 0 0 0 0 71 0
47 1 4 0 0 0 0 0 62 0 0 0 30 0
54 0 6 6 0 0 0 14 0 0 0 25 27 12
48 5 9 5 0 0 0 2 48 0 0 0 27 0
55 9 5 4 0 0 1 6 50 0 0 0 14 0
55 2 7 0 0 0 0 11 50 0 0 0 19 0
64 5 6 0 0 0 0 0 0 0 0 0 68 1
44 5 3 4 0 0 0 2 80 0 0 0 0 6
44 2 1 0 4 0 0 22 51 0 0 0 20 0
58 6 5 4 0 0 0 11 47 0 0 1 9 3
33 3 0 0 67 0 0 14 0 0 0 0 25 2
57 6 3 12 1 0 0 5 52 0 8 0 0 0
62 7 8 3 0 0 0 0 0 0 0 45 19 0
41 4 2 0 0 0 0 13 0 40 0 0 44 0
48 3 0 0 0 0 0 0 0 0 87 0 6 0
41 3 4 6 1 0 0 28 39 0 14 2 6 0
64 3 9 6 0 0 0 4 0 0 0 0 57 1
63 2 2 10 0 0 0 14 42 0 0 0 11 0
60 6 0 0 0 0 0 2 48 0 0 0 26 2
53 3 6 5 0 0 30 0 0 0 0 0 47 0
59 5 3 4 0 0 0 8 41 0 0 0 24 0
55 10 3 4 0 0 0 6 48 0 0 0 18 0
53 7 9 9 5 0 12 4 0 0 0 0 45 0
49 4 10 0 0 0 0 9 56 0 0 0 16 0
63 0 9 10 10 0 10 0 0 0 7 11 21 3
48 4 8 5 6 7 0 12 0 0 0 0 47 7
47 6 4 0 1 1 0 19 47 0 0 0 19 0
47 5 2 2 1 0 0 0 76 0 0 2 4 5
52 3 13 12 5 0 8 0 0 0 20 0 31 0
69 0 20 0 0 0 0 0 48 0 0 0 7 0
60 12 3 3 0 0 0 0 57 0 0 0 9 0
53 5 0 3 0 0 0 12 51 0 9 0 10 1
54 4 2 8 4 2 0 0 54 0 0 0 14 2
41 3 11 2 0 0 0 2 49 0 0 0 36 0
71 10 9 5 2 3 0 0 0 0 8 1 35 0
48 1 4 3 3 1 0 2 48 0 0 2 32 0
56 7 8 3 0 5 1 4 40 0 0 0 19 1
66 0 9 4 14 15 7 0 0 0 0 0 29 0
71 0 6 8 0 0 0 0 0 0 0 0 59 0
50 4 2 0 1 0 0 9 25 0 0 3 50 0
64 3 4 0 4 0 1 12 0 0 0 1 53 2
45 3 13 9 0 0 9 14 0 0 0 0 51 0
62 3 5 9 0 0 0 0 13 0 16 0 0 36
67 5 3 6 0 0 7 0 0 0 0 0 56 0
57 4 12 10 5 8 0 4 0 0 0 0 44 0
38 5 8 1 2 0 0 26 43 0 0 0 21 0
66 5 18 0 0 0 0 0 0 0 0 0 54 1
61 5 13 12 0 0 0 3 0 0 0 2 40 8
47 6 13 9 0 0 0 17 38 0 0 0 7 7
68 2 13 0 9 3 0 0 0 0 0 0 49 0
67 6 7 7 7 2 2 0 0 0 0 0 46 0
50 2 9 0 0 0 0 11 60 0 0 0 11 1
39 7 4 4 5 0 6 12 1 0 2 0 64 0
55 2 7 3 4 0 15 10 0 0 4 8 29 7
41 9 4 3 11 3 0 0 49 0 0 0 24 0
56 6 6 0 0 0 0 0 13 0 17 0 46 0
48 3 13 6 0 0 0 4 0 0 0 10 60 0
64 5 11 11 7 0 0 4 0 0 0 3 39 0
66 7 7 4 0 0 0 6 0 0 0 0 35 19
55 5 8 0 4 0 0 0 41 10 0 0 10 11
44 6 6 11 0 0 5 9 0 0 0 17 46 0
40 0 5 2 3 0 0 12 26 0 0 2 48 6
39 8 6 6 14 0 6 10 0 0 0 8 40 7
53 7 7 6 0 5 0 0 22 0 0 7 32 5
47 5 10 3 0 0 0 27 20 0 0 0 32 0
48 3 6 9 3 0 3 0 0 0 12 3 57 0
45 10 9 3 7 0 0 11 0 0 0 4 48 7
47 7 15 2 0 0 20 4 0 0 0 1 48 0
58 6 17 8 0 0 0 0 0 0 0 25 29 1
54 0 9 4 2 0 0 17 0 0 0 4 54 0
58 8 13 7 1 0 0 7 0 0 0 16 33 1
49 7 10 14 0 0 0 22 0 0 0 6 19 17
59 3 6 10 0 0 0 0 41 0 0 12 12 1
54 3 2 0 0 0 0 4 36 0 0 6 39 0
62 3 5 5 0 0 0 14 0 0 0 11 36 8
51 5 9 5 0 0 0 0 40 0 0 0 34 0
59 0 13 0 0 3 0 0 0 0 0 7 61 1
64 5 0 0 7 0 0 3 0 0 0 17 48 0
60 3 6 0 0 0 0 2 48 0 0 0 25 0
40 6 2 0 0 0 0 15 49 0 0 0 31 1
48 13 5 0 0 0 0 11 48 0 0 0 19 0
45 3 8 4 6 0 0 8 50 0 0 0 19 1
48 5 13 3 0 0 0 12 45 0 0 0 15 3
63 4 8 5 0 0 0 9 48 0 0 0 7 0
71 0 12 0 0 0 0 0 48 0 0 0 12 1
49 3 3 3 2 2 0 2 54 0 0 0 22 4
42 3 3 6 6 3 0 19 0 0 0 6 56 0
52 3 4 10 0 5 0 15 46 0 0 0 9 0
57 6 12 3 0 0 0 6 42 0 0 0 18 0
54 3 10 7 0 0 7 4 22 0 0 5 30 2
54 6 12 0 0 2 11 6 0 0 0 7 43 3
51 3 6 10 6 4 6 16 0 0 23 0 16 3
59 5 14 0 0 0 0 0 20 0 0 8 37 1
57 10 2 2 1 0 6 6 0 0 0 22 34 4
50 4 2 0 0 0 0 21 45 0 0 0 19 3
46 2 1 0 0 0 0 6 58 0 0 0 25 6
53 7 4 0 0 0 0 17 45 0 0 0 18 0
65 6 8 0 0 0 0 0 0 12 0 15 38 0
75 6 20 0 0 0 1 21 0 0 21 0 0 0
55 6 6 6 4 0 2 0 42 0 0 3 20 0
48 5 9 14 6 4 6 14 0 0 10 2 26 0
60 4 7 3 0 0 0 0 0 0 0 14 53 3
41 6 9 6 0 0 2 0 51 0 0 0 29 0
63 6 9 6 12 0 0 6 0 0 0 6 24 12
30 0 21 1 0 0 26 3 18 0 0 0 45 0
53 3 11 0 3 0 13 0 51 0 0 0 9 1
51 0 12 3 14 0 0 9 0 0 24 6 22 3
48 0 9 6 0 0 0 13 42 0 5 0 15 6
59 5 12 5 0 0 0 0 42 0 0 3 18 0
44 6 12 0 0 0 0 4 51 0 0 0 27 0
54 1 6 3 0 0 0 5 47 0 0 2 23 3
57 5 8 8 0 8 9 0 0 0 0 10 33 6
52 7 8 7 4 1 0 7 22 0 6 2 15 13
38 6 16 12 0 0 0 14 0 0 0 11 47 0
49 5 6 0 0 0 0 13 51 0 0 0 20 0
63 10 6 13 5 0 3 0 0 0 0 13 25 6
62 4 0 8 0 0 0 0 0 0 35 0 35 0
60 3 8 4 0 0 0 0 0 0 49 0 20 0
49 5 3 6 0 0 3 0 51 0 0 0 27 0
54 4 19 0 0 0 0 6 36 0 0 0 25 0
54 3 7 8 9 4 0 0 54 0 0 5 0 0
60 9 3 0 0 0 0 0 0 0 0 0 36 36
69 3 4 3 2 0 2 7 0 0 0 2 34 18
37 4 4 0 0 0 0 14 55 0 0 0 28 2
48 4 3 7 9 0 0 0 48 0 0 2 23 0
58 0 6 1 0 0 0 6 16 0 0 2 44 11
59 0 7 6 9 0 0 0 0 0 0 0 59 4
68 3 12 0 0 0 9 0 0 0 0 4 48 0
61 5 9 2 0 0 1 5 43 0 0 2 16 0
70 0 4 5 14 0 0 0 21 0 0 0 30 0
48 6 6 0 0 0 0 33 0 0 9 0 27 15
53 8 9 4 0 0 0 4 53 0 0 2 11 0
51 3 5 0 0 0 0 0 85 0 0 0 0 0
45 3 0 0 0 0 0 6 54 0 36 0 0 0
57 10 12 8 0 4 11 0 0 0 8 0 34 0
46 2 9 0 3 0 0 3 44 0 24 0 12 1
58 7 8 0 0 0 0 7 52 0 0 0 12 0
68 0 0 0 0 0 0 27 0 0 0 0 49 0
53 5 7 4 5 0 0 2 39 0 0 6 23 0
79 4 9 18 0 0 0 2 0 0 0 0 32 0
44 2 8 2 0 0 0 0 42 0 22 0 21 3
51 6 4 10 0 0 0 6 44 0 0 0 23 0
51 5 5 0 0 0 0 4 47 0 0 0 32 0
45 4 8 0 0 0 0 20 53 0 0 0 14 0
59 6 11 13 0 0 0 9 0 0 0 0 45 1
46 5 6 7 10 0 0 13 0 0 0 11 34 12
59 5 0 12 7 0 0 0 0 0 14 9 22 16
54 5 9 5 0 2 0 0 49 0 0 6 14 0
65 4 10 15 9 0 0 2 0 0 0 7 31 1
55 6 11 5 0 0 0 0 0 0 0 0 67 0
56 6 12 1 0 0 0 9 10 12 0 0 36 2
46 8 9 3 47 0 0 0 0 0 0 0 22 9
53 7 0 0 0 0 0 7 42 0 0 0 29 6
54 7 7 6 0 10 0 25 0 0 0 0 35 0
68 5 4 2 0 0 0 4 58 0 0 3 0 0
43 8 6 12 0 0 0 9 0 0 25 0 41 0
55 3 6 0 0 0 0 5 62 0 0 0 13 0
57 4 9 6 2 0 0 3 47 0 0 0 16 0
57 4 16 0 0 0 0 0 0 0 8 16 35 8
52 4 11 0 9 0 0 0 0 0 37 0 31 0
54 6 8 6 0 0 0 8 0 0 0 0 54 8
53 7 0 0 0 0 0 11 48 0 0 6 19 0
41 9 6 0 0 0 0 15 54 0 0 0 17 2
44 6 5 9 9 0 0 0 0 0 9 0 61 1
53 4 8 0 0 0 0 13 43 0 0 0 20 3
60 6 10 19 0 0 0 10 0 0 0 0 36 3
46 9 3 10 9 0 0 0 0 15 38 0 5 9
48 7 8 6 0 0 0 13 45 0 0 0 17 0
120 15 9 0 0 0 0 0 0 0 0 0 0 0
55 6 4 14 0 0 3 2 37 0 0 0 16 7
46 5 19 4 5 2 0 6 0 0 14 6 37 0
48 2 3 8 0 0 0 14 40 0 0 0 22 7
54 4 19 0 0 0 0 0 0 0 0 0 67 0
63 7 6 12 0 0 0 4 0 0 0 4 48 0
65 4 13 3 13 0 3 6 0 0 0 0 37 0
48 7 3 6 0 0 0 3 27 0 27 0 22 1
65 5 0 3 3 0 3 0 0 0 0 0 54 11
70 8 21 3 0 7 0 23 0 0 0 0 12 0
44 8 9 8 3 0 0 8 36 0 0 0 25 3
28 4 5 0 0 0 0 10 0 28 0 0 48 21
55 3 9 11 0 1 3 10 0 0 0 2 46 4
39 3 2 4 0 2 0 6 65 0 16 0 7 0
50 13 6 5 0 0 11 4 0 0 0 0 55 0
45 2 12 3 0 0 0 4 0 0 0 0 71 7
55 12 13 16 0 0 41 0 0 0 0 0 7 0
64 2 4 14 9 0 6 2 0 0 0 4 36 3
57 6 12 0 2 2 0 0 53 0 0 0 12 0
50 8 4 4 6 0 0 2 0 0 0 0 70 0
78 2 11 9 0 0 0 8 0 0 7 0 29 0
48 4 16 5 6 0 1 7 45 0 0 0 12 0
61 3 4 8 12 0 0 0 0 0 0 0 56 0
51 9 1 3 0 0 0 6 42 0 0 0 32 0
50 3 9 13 0 0 0 6 0 0 0 0 36 27
54 10 3 11 6 4 0 6 0 0 0 0 50 0
48 3 6 0 0 0 0 6 54 0 0 0 27 0
64 5 7 3 4 0 8 0 45 0 0 0 8 0
55 0 5 1 0 0 0 13 0 0 0 0 70 0
49 9 5 1 1 0 12 0 0 0 0 0 67 0
70 8 14 11 1 0 0 8 0 0 0 0 32 0
47 3 8 12 26 12 7 0 0 0 0 0 14 15
60 6 6 3 6 0 0 10 0 21 0 3 29 0
58 7 5 2 0 0 0 0 47 0 0 0 25 0
76 5 7 2 21 6 0 0 0 0 0 0 27 0
53 7 6 4 9 0 0 8 29 0 5 0 22 1
42 6 7 7 2 0 0 0 50 0 0 0 30 0
38 9 10 0 0 0 0 14 58 0 5 0 10 0
60 5 5 4 3 2 0 2 0 0 0 0 63 0
51 11 0 4 0 0 0 6 0 0 0 0 70 2
53 6 16 3 2 0 18 3 0 0 0 8 35 0
51 5 11 8 4 0 0 0 0 0 0 9 51 5
48 3 9 14 11 0 0 1 0 0 0 0 49 9
58 13 12 0 0 0 0 0 0 0 0 0 60 1
60 0 6 12 0 0 0 0 0 0 54 0 12 0
51 4 8 5 2 0 0 6 42 0 0 0 26 0
49 0 11 7 0 0 0 8 0 25 8 0 36 0
39 10 18 8 0 0 11 3 0 0 0 0 49 6
67 6 10 0 0 0 0 4 0 0 0 0 46 11
71 3 9 3 0 0 0 0 44 0 14 0 0 0
57 11 5 6 0 0 26 4 0 0 0 0 32 3
78 0 5 4 0 0 0 0 0 0 0 0 57 0
55 6 5 7 0 0 0 4 37 0 4 0 24 2
79 2 0 2 6 0 0 14 0 0 0 7 34 0
37 3 1 0 0 0 0 15 45 0 12 0 31 0
75 3 6 0 0 0 0 6 43 0 0 0 11 0
50 3 9 4 0 0 0 5 46 0 0 0 27 0
42 3 2 5 3 0 0 6 56 0 4 0 23 0
59 3 12 0 0 0 0 0 40 0 0 0 30 0
53 6 10 5 3 0 0 0 0 0 0 8 56 3
41 7 8 4 3 0 11 11 49 0 0 0 10 0
64 8 2 0 0 0 17 11 0 0 0 5 34 3
50 0 8 6 11 0 0 0 0 0 0 5 64 0
46 2 6 7 0 0 0 4 54 0 0 0 24 1
49 4 7 0 0 0 0 8 57 0 0 0 19 0
45 3 8 1 0 0 0 0 48 0 0 0 39 0
51 6 5 8 0 0 0 9 46 0 0 3 15 1
52 7 16 0 0 0 0 0 0 0 0 0 66 3
51 5 9 13 10 1 0 2 0 0 0 20 33 0
53 6 13 4 6 0 0 9 0 0 0 0 28 25
38 6 12 6 0 0 0 6 45 0 0 0 31 0
49 8 11 9 6 0 6 6 0 0 0 0 32 17
51 3 13 0 3 3 7 6 0 0 0 0 47 11
36 5 0 9 4 0 0 11 0 0 0 1 39 39
57 4 9 0 0 0 0 5 40 0 15 0 9 5
47 9 6 5 0 0 0 4 43 0 0 0 30 0
59 4 10 4 0 0 0 5 0 0 0 2 59 1
48 3 11 6 0 0 27 3 0 0 0 6 38 2
50 4 10 4 5 2 0 5 0 0 0 2 62 0
47 7 0 2 0 0 0 8 61 0 0 13 6 0
51 4 12 10 3 0 0 12 41 0 0 0 11 0
43 3 3 6 0 0 0 0 65 0 0 0 24 0
53 8 5 7 0 0 9 10 31 0 0 0 21 0
66 6 16 6 0 0 0 0 0 30 0 0 20 0
44 6 8 7 0 0 0 4 48 0 0 0 27 0
49 4 5 9 8 0 45 8 0 0 0 5 10 1
60 3 12 0 0 3 0 18 0 0 42 0 6 0
44 5 6 3 0 0 0 6 54 0 0 0 26 0
59 6 6 3 8 0 0 11 48 0 0 0 3 0
59 1 4 2 0 0 0 0 54 0 0 3 21 0
36 3 8 8 0 0 0 0 56 0 0 0 33 0
48 5 8 1 0 0 0 11 45 0 1 0 25 0
38 0 2 2 3 0 0 0 0 0 75 0 23 1
26 46 4 0 8 0 0 5 36 0 0 0 19 0
48 0 3 0 3 3 3 12 0 0 30 0 18 24
54 2 6 0 0 0 0 0 54 0 0 0 28 0
42 2 8 2 0 0 0 6 56 0 0 0 27 1
43 4 10 0 0 0 0 17 55 0 0 0 15 0
54 12 7 0 3 0 12 1 0 0 0 6 48 1
53 5 15 3 0 3 0 0 42 0 0 0 23 0
52 5 7 0 19 0 0 0 0 0 0 0 42 19
55 9 3 9 0 0 0 18 0 21 0 7 22 0
137 0 6 0 0 0 0 0 0 0 0 0 0 1
45 8 6 5 0 0 0 7 50 0 5 3 15 0
55 2 8 12 0 3 0 0 45 0 0 4 15 0
45 12 6 0 3 0 0 6 51 0 0 0 21 0
40 2 8 0 0 0 0 0 49 0 0 0 43 2
39 6 0 0 0 0 0 0 54 0 30 0 0 15
40 11 7 3 4 0 0 16 0 0 0 13 39 11
45 4 0 7 9 0 13 0 0 0 33 0 20 13
52 3 6 8 0 0 0 10 0 0 54 0 11 0
32 4 4 0 4 4 2 7 72 0 5 2 8 0
40 2 2 4 0 0 2 4 57 0 0 0 33 0
31 0 3 0 0 2 0 0 60 0 3 0 45 0
57 7 5 7 0 0 0 6 47 0 0 0 15 0
53 9 10 8 3 0 0 0 0 0 0 6 36 19
45 10 9 6 6 0 17 6 28 0 3 0 14 0
54 3 2 0 0 0 0 0 49 0 0 0 36 0
52 6 0 0 0 0 0 11 60 0 0 0 13 2
41 17 9 22 7 3 6 2 4 0 0 1 32 0
22 36 2 7 0 0 0 7 46 0 0 0 24 0
50 8 6 0 0 0 0 0 0 0 0 0 80 0
65 7 11 6 0 0 0 0 44 0 0 0 11 0
47 6 9 14 3 0 0 4 0 0 0 4 54 3
62 4 8 3 0 1 9 0 0 0 0 10 36 11
26 1 0 27 0 0 0 15 56 0 0 0 19 0
58 9 6 11 3 0 0 5 15 0 0 2 31 4
61 6 4 7 4 0 1 13 0 0 0 12 36 0
46 7 4 3 5 0 0 3 0 0 56 0 16 4
46 5 9 13 7 0 0 8 0 0 0 13 36 7
62 5 5 3 1 0 0 2 49 0 0 0 17 0
49 10 5 13 3 0 0 4 3 0 0 0 57 0
44 4 10 9 0 0 0 0 0 0 53 2 22 0
54 10 3 0 0 0 0 9 38 0 0 0 30 0
53 7 14 7 3 0 0 11 0 0 0 7 42 0
45 5 15 0 6 0 0 0 0 0 0 14 59 0
43 23 7 1 0 0 0 3 66 0 0 0 0 1
57 3 4 6 0 0 0 0 59 0 2 0 13 0
44 9 4 6 3 0 4 6 0 0 12 0 56 0
50 1 0 0 0 0 0 63 0 0 0 0 3 27
54 9 12 4 9 0 0 0 12 0 0 0 44 0
50 3 9 9 6 0 3 0 0 0 0 4 60 0
62 3 26 0 11 7 0 0 0 0 0 0 32 3
44 9 1 2 0 0 0 4 64 0 14 0 6 0
45 2 12 7 0 0 0 0 0 0 0 4 74 0
62 4 5 0 3 0 0 0 48 0 0 0 22 0
77 4 15 0 0 0 0 2 0 0 0 12 34 0
38 7 10 1 0 0 1 32 0 0 0 5 32 18
46 3 18 9 0 0 0 3 8 0 0 5 41 11
47 2 15 9 3 0 0 15 18 0 2 6 26 1
64 0 21 0 0 0 0 15 0 0 0 6 38 0
57 3 15 3 0 0 0 11 0 0 0 0 55 0
43 2 5 13 1 0 0 12 16 0 20 3 17 12
55 5 3 5 0 0 0 0 0 0 0 0 76 0
56 7 4 12 4 3 0 6 0 0 0 0 52 0
40 5 12 3 0 0 1 4 51 0 0 0 24 4
43 0 7 11 0 0 0 4 54 0 7 0 18 0
49 0 2 0 1 1 0 0 22 0 0 0 35 34
62 0 3 2 0 0 0 18 0 0 0 5 54 0
51 3 22 0 0 0 0 13 0 23 0 2 30 0
57 9 3 7 0 0 0 10 52 0 6 0 0 0
57 10 6 7 3 3 6 0 0 0 17 0 35 0
51 12 22 5 0 2 0 5 0 0 0 0 47 0
51 1 6 3 0 0 0 0 51 0 0 0 32 0
47 3 9 3 0 0 0 18 0 0 0 14 50 0
60 0 0 0 0 0 18 0 0 0 0 0 66 0
39 12 4 12 0 0 0 0 0 0 0 13 14 50
52 4 7 0 0 0 0 0 53 0 0 0 25 3
48 8 6 3 9 4 0 14 0 0 0 32 20 0
48 5 4 4 0 0 0 7 47 0 0 0 23 6
61 3 16 0 0 3 12 0 0 0 0 0 49 0
56 7 2 5 15 5 0 0 45 0 4 0 5 0
30 6 5 2 2 0 0 8 74 0 15 2 0 0
46 8 3 0 0 0 0 6 54 0 1 0 25 1
72 6 12 0 0 0 0 0 0 0 53 0 0 1
50 2 14 9 0 0 0 4 0 0 0 6 59 0
49 5 8 5 0 0 0 6 57 0 0 0 14 0
53 0 18 0 0 0 12 0 44 0 0 0 16 1
46 5 11 0 0 0 0 10 45 0 12 0 15 0
68 3 8 0 0 0 0 1 64 0 0 0 0 0
47 0 3 0 0 0 0 0 62 0 14 0 17 1
47 4 3 3 1 0 0 21 51 0 0 1 10 3
69 6 4 14 0 0 6 0 24 0 0 0 8 13
64 18 6 0 6 0 0 0 0 0 0 0 32 18
67 2 11 5 8 0 0 8 0 0 0 0 43 0
54 3 6 4 0 0 0 6 55 0 3 0 13 0
48 3 4 0 0 0 0 0 44 0 0 0 37 8
114 0 0 6 0 0 0 0 0 0 0 0 24 0
43 4 8 9 5 0 0 0 0 0 0 0 75 0
94 0 0 0 0 0 0 3 0 0 34 0 13 0
91 11 6 0 0 0 0 0 0 0 0 0 36 0
47 0 0 14 0 0 0 0 51 0 0 0 31 1
46 8 17 11 0 0 0 6 0 0 0 7 49 0
43 6 4 11 0 0 0 12 0 0 0 0 48 20
51 0 4 3 0 0 0 0 64 0 0 0 22 0
40 3 1 12 0 0 0 0 51 0 0 0 36 1
52 2 10 5 0 0 0 0 0 0 0 4 71 0
55 5 9 0 0 3 0 2 40 0 0 0 30 0
55 7 4 0 0 0 0 6 0 0 0 3 69 0
41 0 9 0 0 0 0 0 72 0 0 0 10 12
56 4 1 3 2 0 2 21 0 0 0 0 54 1
55 5 6 7 0 0 0 6 44 0 0 4 14 3
50 5 2 3 0 0 0 12 57 0 0 6 9 0
65 5 8 5 2 0 0 2 35 0 0 11 11 0
61 0 14 0 0 0 0 14 0 0 0 0 15 40
36 5 0 3 0 0 0 15 74 0 3 0 8 0
48 5 13 3 0 0 0 11 0 0 0 0 33 31
76 0 0 0 0 0 0 0 67 0 0 0 0 1
53 7 4 7 8 0 0 8 0 0 16 21 20 0
55 10 6 9 0 0 0 0 48 0 0 0 16 0
76 12 0 0 0 0 0 0 0 0 0 0 52 4
57 7 7 9 4 0 0 7 0 29 0 0 20 4
49 11 6 0 0 0 0 10 44 0 0 0 24 0
44 7 11 6 7 8 2 0 36 0 0 2 21 0
69 4 1 2 0 0 0 13 43 0 5 0 6 1
48 6 8 7 18 0 0 13 0 0 26 0 18 0
53 4 6 6 1 0 2 0 50 0 0 0 22 0
48 6 6 0 0 0 0 12 60 0 0 0 12 0
54 6 3 11 0 5 0 15 0 0 13 11 26 0
51 0 17 7 0 0 0 0 13 43 0 0 6 7
47 5 3 4 6 4 0 4 0 0 8 14 35 14
57 4 0 0 0 0 0 4 53 0 0 0 21 5
58 1 9 5 2 0 1 0 0 0 0 1 67 0
53 3 6 6 4 0 6 0 0 0 0 5 54 7
45 4 8 3 0 0 2 8 43 0 0 0 31 0
53 1 3 0 0 0 0 3 0 0 84 0 0 0
45 8 10 4 0 0 0 5 45 0 0 3 24 0
43 6 4 4 0 0 8 0 43 0 0 0 36 0
63 3 0 9 0 19 3 0 0 0 0 0 47 0
66 3 8 0 0 0 0 0 0 0 0 0 67 0
53 2 17 7 0 0 10 11 0 0 0 4 38 2
50 4 14 8 0 0 0 0 39 0 0 0 29 0
48 6 8 1 0 0 0 0 61 0 0 0 20 0
47 5 12 0 0 0 0 0 58 7 0 0 15 0
51 2 4 0 0 0 0 7 70 0 0 0 10 0
53 2 5 2 0 0 0 6 45 0 9 0 22 0
49 3 14 11 0 0 42 0 0 0 0 5 18 2
51 3 1 14 14 1 1 10 21 0 0 0 26 2
48 6 9 1 0 0 6 44 0 0 0 1 28 1
48 7 5 0 0 0 0 12 48 0 0 3 21 0
57 11 4 8 0 0 0 6 0 0 0 0 50 8
54 2 8 5 0 0 0 9 0 0 0 6 45 15
60 3 3 3 0 0 0 0 60 0 0 0 15 0
57 2 3 11 0 0 3 4 0 0 0 7 44 13
51 5 2 4 0 0 0 10 57 0 11 1 3 0
50 0 0 0 0 0 0 0 60 0 0 0 21 13
54 2 5 4 8 0 0 4 46 0 0 2 19 0
65 5 9 6 14 0 0 0 0 0 24 0 21 0
62 7 8 7 0 0 0 2 0 0 0 2 43 13
52 0 4 0 0 0 0 0 48 0 0 0 28 12
54 0 4 1 0 0 0 8 0 0 0 0 74 3
43 8 3 0 0 0 0 12 48 0 10 0 20 0
54 8 7 3 3 0 0 2 55 0 0 0 6 6
52 9 11 11 4 6 7 7 0 0 0 0 36 1
60 2 8 12 0 0 0 6 2 10 0 2 42 0
48 4 3 6 0 0 0 0 48 0 0 0 35 0
52 0 1 3 4 2 0 6 33 0 34 0 9 0
47 0 9 14 3 0 0 0 48 0 16 0 7 0
48 5 0 0 0 0 0 7 66 0 0 0 18 0
42 6 7 0 0 0 0 5 50 0 0 3 31 0
60 6 8 2 2 0 0 2 44 0 0 0 17 3
54 3 10 0 0 0 0 6 63 0 0 0 8 0
45 4 3 3 3 0 0 6 52 0 0 2 10 16
42 5 4 0 0 0 0 0 0 0 0 0 93 0
42 3 3 1 6 0 0 5 60 0 17 4 0 3
35 2 3 0 0 0 0 19 65 0 6 0 14 0
45 3 2 0 18 0 0 0 58 0 0 0 18 0
55 4 4 6 0 0 0 31 0 0 0 0 44 0
45 3 7 3 2 2 0 6 53 0 4 2 17 0
54 7 5 0 0 0 0 0 59 0 0 0 12 7
50 8 5 13 0 0 0 4 46 0 0 0 18 0
52 3 5 0 0 0 0 0 0 0 54 0 30 0
45 10 13 1 0 0 0 0 45 0 0 2 28 0
45 6 13 3 2 5 0 5 46 0 0 0 19 0
53 3 4 0 0 0 0 5 60 0 0 0 19 0
54 8 17 0 0 0 0 8 0 0 0 0 47 10
50 4 11 12 0 0 0 14 42 0 0 0 10 1
63 0 0 0 3 0 0 0 0 0 0 15 27 36
51 6 15 13 7 0 0 11 0 0 0 0 41 0
53 4 9 4 2 2 0 8 48 0 0 0 14 0
48 7 2 1 0 0 0 2 48 0 0 0 34 2
51 5 5 1 0 0 0 4 45 0 16 3 13 1
49 4 12 6 6 4 8 0 0 0 0 0 18 37
45 0 6 13 4 0 0 12 0 0 29 12 23 0
50 3 3 0 0 0 0 25 0 0 20 0 43 0
60 4 7 3 4 3 0 2 0 0 0 11 50 0
48 4 5 0 0 11 0 0 0 0 0 5 70 1
58 4 14 12 5 0 0 0 0 0 0 13 30 8
56 7 4 8 4 0 0 0 53 0 0 0 12 0
54 8 21 2 3 0 3 0 0 0 0 2 51 0
46 3 8 3 0 0 2 18 0 0 34 0 30 0
42 2 2 0 6 0 4 10 0 0 0 7 71 0
66 12 13 17 2 4 0 0 0 0 0 0 30 0
54 2 0 6 6 0 0 0 0 0 0 6 70 0
61 8 0 0 0 0 6 10 0 25 0 0 34 0
51 4 2 4 41 0 0 8 0 0 0 0 34 0
58 4 5 4 0 0 0 5 44 0 0 0 20 4
54 7 7 8 9 3 1 9 0 0 0 6 40 0
67 3 8 3 0 0 0 0 43 0 0 0 20 0
48 3 10 0 0 3 0 4 0 0 0 2 68 6
46 4 8 7 0 0 0 3 56 0 0 0 20 0
45 6 15 0 0 0 0 0 0 0 0 0 78 0
51 9 10 0 0 0 0 6 45 0 23 0 0 0
43 2 6 5 4 0 0 10 0 0 48 0 26 0
57 2 9 6 0 0 0 17 0 0 0 0 50 3
56 4 5 2 2 0 0 0 0 0 0 0 75 0
42 0 2 0 0 0 0 2 58 0 0 0 40 0
45 3 6 6 0 0 0 10 0 0 0 14 60 0
58 7 5 16 0 0 0 0 0 0 0 0 58 0
56 8 9 3 0 0 0 0 44 0 0 0 16 8
44 3 11 7 9 0 0 11 0 22 0 0 37 0
59 3 9 12 0 0 0 8 0 0 0 20 33 0
86 0 14 6 0 0 0 0 0 0 0 0 38 0
46 5 6 13 2 2 0 9 0 0 34 0 27 0
66 5 11 2 0 8 0 7 0 0 20 1 24 0
39 5 11 22 0 11 0 7 0 0 0 9 38 2
68 3 8 0 0 0 0 0 0 0 0 0 65 0
45 5 2 0 3 0 0 14 49 0 20 6 0 0
51 9 7 5 5 0 0 8 42 0 4 0 13 0
42 7 9 3 0 0 0 5 47 0 0 0 31 0
50 6 3 8 0 9 0 0 45 0 0 6 15 2
47 6 9 11 8 9 6 6 0 0 2 3 37 0
53 6 8 0 3 0 0 0 53 0 0 0 17 4
48 3 6 0 1 0 0 0 48 0 26 0 12 0
55 3 2 3 0 0 0 6 48 6 0 3 18 0
52 5 7 4 0 0 0 10 39 0 0 0 27 0
53 6 13 17 0 0 0 0 0 0 0 0 49 6
48 15 7 14 3 5 4 4 0 0 0 7 35 2
46 3 6 5 0 0 0 25 42 0 4 0 13 0
47 3 6 3 0 0 0 0 0 0 10 27 48 0
35 5 12 8 0 0 0 8 45 0 0 10 20 1
44 3 6 1 0 0 9 0 0 0 0 3 78 0
48 6 2 6 3 0 0 7 60 0 0 0 12 0
57 2 6 5 0 0 0 0 50 0 0 0 21 3
46 6 6 8 0 0 0 5 56 0 0 0 17 0
55 5 5 3 19 0 0 0 0 0 28 0 29 0
53 1 2 0 2 0 0 4 31 0 0 0 51 0
74 0 15 0 0 0 0 0 54 0 0 0 0 1
49 3 5 2 4 4 0 33 0 0 0 5 33 6
65 3 2 5 0 0 0 8 0 0 32 0 17 12
51 4 12 14 6 2 0 2 0 0 0 0 53 0
43 5 5 0 0 0 1 6 50 0 0 2 30 2
53 4 5 8 0 0 0 0 53 0 0 2 19 0
64 4 3 0 11 0 0 0 0 0 0 6 56 0
48 8 8 4 12 0 0 0 0 0 0 0 46 18
48 2 0 0 0 0 0 3 0 0 68 0 0 23
58 5 1 0 0 0 0 11 49 0 0 0 19 1
60 0 6 21 0 0 0 6 0 0 0 6 45 0
50 3 10 2 1 0 0 0 46 0 9 0 22 1
51 3 7 9 0 0 0 4 0 21 0 0 46 3
58 7 6 3 0 0 4 6 0 0 0 0 44 16
47 6 4 1 1 2 2 7 30 0 0 1 43 0
53 8 6 6 1 0 0 4 0 0 0 0 53 13
51 3 11 11 6 2 4 0 0 0 0 5 42 9
37 6 1 0 0 0 0 4 53 0 0 0 28 15
36 0 7 4 0 2 0 3 68 0 0 0 24 0
51 12 4 0 3 1 0 5 37 0 0 0 31 0
36 6 4 13 0 0 0 0 0 0 0 0 60 25
50 6 13 12 5 3 0 6 0 0 0 10 25 14
42 1 2 1 0 1 1 5 62 0 7 2 20 0
48 0 6 12 0 0 0 0 12 0 0 0 48 18
29 2 4 5 4 1 2 12 55 0 10 0 20 0
58 8 19 10 9 0 0 4 0 0 0 0 36 0
39 5 12 0 0 0 0 26 56 0 0 0 6 0
57 6 7 2 0 0 0 9 41 0 0 0 22 0
48 3 5 4 0 2 0 6 0 0 19 0 56 1
87 0 6 4 0 0 0 0 0 0 6 2 36 3
46 4 5 5 0 2 0 4 50 0 0 0 28 0
71 5 11 1 0 0 8 0 0 0 0 0 34 14
65 6 6 6 4 8 0 4 0 0 0 6 37 2
43 3 15 4 0 0 0 15 51 0 0 0 8 5
57 1 6 6 20 8 0 0 11 0 0 8 27 0
95 2 16 0 0 0 0 0 0 0 0 0 11 20
63 4 7 0 0 0 0 10 46 0 0 4 10 0
78 7 4 3 0 0 3 0 48 0 0 0 0 1
51 6 8 2 3 6 8 0 0 0 0 0 60 0
55 16 2 0 0 0 0 6 39 0 0 0 25 1
48 8 9 0 0 0 0 9 43 0 9 0 14 4
54 1 22 0 0 0 36 0 0 0 0 0 31 0
78 12 0 0 0 0 0 6 48 0 0 0 0 0
105 3 0 12 0 0 0 0 0 0 0 0 24 0
61 3 2 0 0 0 0 9 0 0 19 0 50 0
68 2 4 4 3 0 0 0 0 0 0 0 63 0
59 4 8 0 0 0 12 4 0 0 0 4 53 0
55 7 7 10 7 3 2 8 0 0 0 3 26 16
54 0 10 2 0 0 0 0 0 0 9 0 69 0
36 4 9 0 0 0 0 12 48 0 9 0 26 0
71 1 0 0 0 0 0 0 0 0 0 0 69 3
57 1 2 4 0 0 1 0 0 0 0 0 79 0
51 7 6 0 0 0 1 0 42 0 0 0 37 0
66 3 3 5 0 0 0 9 45 0 0 0 10 3
61 0 5 0 0 0 0 0 0 35 43 0 0 0
54 3 5 1 0 0 0 6 61 0 4 0 10 0
60 3 5 0 0 2 0 4 43 0 0 2 25 0
55 3 6 11 0 0 0 12 46 0 5 0 5 1
52 4 10 3 0 0 0 10 60 0 0 0 5 0
44 4 3 1 0 0 0 2 42 0 2 2 44 0
48 6 3 0 0 0 0 11 48 0 13 3 12 0
39 5 4 9 0 0 1 11 40 0 0 3 29 3
48 10 10 4 0 0 0 10 0 46 0 0 16 0
75 6 6 6 0 0 0 42 0 0 0 0 9 0
20 6 9 44 3 0 0 0 28 0 0 4 15 15
59 4 1 0 0 0 0 26 23 0 0 0 17 14
36 9 0 3 7 0 0 1 70 0 0 0 13 5
71 1 4 3 5 0 0 0 0 0 0 2 58 0
36 18 5 3 15 0 11 0 0 0 0 9 42 5
49 2 6 0 6 0 0 5 0 0 0 5 71 0
86 2 1 0 0 0 12 0 0 0 0 0 43 0
47 3 4 0 7 0 0 72 0 0 0 0 11 0
54 5 5 5 2 0 0 0 0 0 0 0 72 1
53 4 7 13 4 0 0 13 0 0 0 0 48 2
55 6 4 0 0 0 0 5 62 0 0 0 12 0
46 4 7 4 0 1 13 13 0 0 0 0 55 1
56 0 21 0 0 0 0 10 0 0 0 0 57 0
68 10 16 0 4 28 10 0 0 0 0 0 8 0
48 4 10 6 7 0 0 11 23 0 23 0 12 0
58 6 10 7 2 0 0 9 0 0 4 16 29 3
51 2 13 11 0 0 2 10 0 0 0 2 27 26
52 4 7 7 0 0 0 21 9 0 0 0 44 0
61 5 7 4 6 4 0 2 0 0 0 1 54 0
70 2 2 10 0 0 22 1 0 0 0 7 29 1
52 10 14 4 9 0 0 0 0 0 30 0 24 1
78 2 7 2 0 0 0 0 0 0 0 6 49 0
36 8 4 20 4 2 0 7 52 0 0 1 10 0
40 0 0 45 0 0 0 0 42 0 0 0 17 0
43 2 2 0 4 3 0 3 54 0 24 0 8 1
58 2 1 4 0 0 4 6 50 0 0 0 19 0
41 8 13 0 0 0 0 7 52 0 0 0 23 0
63 2 4 2 3 0 0 3 12 0 55 0 0 0
48 1 7 9 0 0 0 1 41 0 0 5 32 0
63 0 10 0 3 0 0 0 44 0 24 0 0 0
33 6 6 2 3 0 0 0 64 0 1 5 23 1
49 3 12 2 0 0 9 0 64 0 0 0 5 0
60 3 4 10 8 11 8 0 0 0 0 21 19 0
58 6 3 3 6 0 0 0 31 0 15 11 11 0
47 11 6 10 3 0 0 9 24 0 0 8 18 8
58 3 7 5 0 0 0 33 0 0 0 0 38 0
65 6 12 0 0 0 0 7 0 0 36 0 13 5
45 4 0 2 0 0 0 3 78 0 12 0 0 0
55 6 0 5 0 0 0 12 42 0 0 0 24 0
44 6 4 15 3 3 0 16 30 0 18 0 4 1
63 5 3 6 0 0 0 0 57 0 0 0 9 1
53 4 7 6 0 0 0 6 34 0 11 0 23 0
50 3 5 1 0 0 0 4 49 0 0 6 26 0
51 4 2 5 0 0 0 3 58 0 0 0 21 0
56 3 3 4 0 0 0 12 36 0 0 3 27 0
51 3 15 0 15 0 6 2 0 0 0 9 41 2
51 8 6 2 6 0 0 15 0 0 0 0 27 29
41 1 3 2 0 0 0 3 57 0 0 0 36 1
54 1 6 0 0 0 0 13 64 0 0 0 0 6
32 5 0 13 0 2 0 0 45 0 4 31 12 0
46 0 7 9 0 0 0 0 53 0 0 0 29 0
44 12 16 0 3 0 0 3 49 0 0 0 16 1
75 9 9 6 5 4 9 9 0 0 0 5 6 7
52 4 5 5 5 0 0 10 0 0 37 2 24 0
57 5 4 5 0 0 0 4 0 54 0 0 15 0
48 6 4 8 0 0 0 10 46 0 0 0 22 0
54 4 6 10 0 0 0 12 0 0 0 0 58 0
66 6 0 9 0 0 0 24 0 0 0 0 39 0
49 3 14 7 10 12 3 3 0 0 0 4 39 0
49 7 0 0 0 0 0 2 61 0 0 0 25 0
41 5 4 4 12 0 0 8 44 0 0 5 20 1
52 6 9 10 0 7 6 15 0 0 0 15 24 0
42 1 4 13 4 0 0 0 0 0 30 0 49 1
69 7 5 7 11 0 0 6 0 0 28 10 0 1
64 8 3 6 0 0 0 9 0 0 40 0 14 0
52 4 7 5 0 0 1 2 48 0 3 1 21 0
42 3 8 0 0 0 0 2 51 0 0 0 33 5
55 7 7 3 6 0 12 0 0 0 11 3 33 7
49 4 15 0 0 0 0 6 42 0 0 0 27 1
57 3 2 0 0 0 0 6 0 0 0 0 32 44
51 0 6 2 0 0 0 11 0 0 24 4 46 0
42 5 6 9 0 0 2 14 30 0 0 3 31 2
50 6 4 5 0 0 0 10 50 0 0 0 19 0
68 0 0 0 0 0 0 0 0 0 0 0 76 0
61 9 8 6 0 0 0 0 47 0 0 0 13 0
51 12 13 0 8 0 9 16 0 0 0 7 28 0
49 3 7 0 0 0 0 6 56 0 0 0 23 0
49 5 7 0 8 0 0 0 48 0 0 0 27 0
53 5 10 0 6 0 0 17 0 0 0 0 23 30
48 8 3 0 10 0 0 2 42 0 0 0 25 6
45 5 5 5 2 0 0 9 39 0 5 0 20 9
30 0 2 4 0 0 0 0 30 0 0 66 12 0
52 4 10 12 0 0 3 0 42 0 0 0 21 0
77 11 3 6 0 0 0 4 43 0 0 0 0 0
48 3 5 3 1 0 0 7 0 0 39 3 35 0
44 7 13 0 0 0 0 0 0 0 0 0 54 26
39 8 6 7 0 0 0 7 29 0 29 0 19 0
42 33 6 4 8 0 3 12 0 0 0 3 17 16
44 3 6 11 8 0 0 11 0 0 20 10 18 13
62 10 9 6 23 0 0 8 0 0 0 0 26 0
61 8 4 2 0 0 0 1 0 0 0 0 64 4
51 1 5 6 3 0 0 0 63 0 3 0 12 0
48 3 2 1 2 0 0 6 53 0 0 2 22 5
44 13 9 9 8 0 0 0 0 0 0 0 60 1
49 2 6 9 0 0 0 9 42 0 0 0 27 0
48 0 4 8 0 0 0 7 0 0 17 12 48 0
52 3 9 15 6 0 0 11 0 0 35 5 8 0
60 1 3 9 6 2 2 11 0 0 23 5 22 0
48 12 11 0 0 0 0 0 0 0 0 0 36 37
47 14 1 5 0 0 0 2 51 0 0 1 20 3
38 10 9 0 0 0 0 0 73 0 0 0 13 1
45 3 5 3 0 0 0 5 72 0 0 0 11 0
53 6 6 0 3 0 0 9 45 0 12 0 9 1
63 6 6 0 0 0 0 0 59 0 0 0 9 1
45 3 2 0 0 0 0 17 47 0 0 2 22 6
52 5 3 0 0 0 0 9 53 0 0 0 15 7
37 4 4 2 2 23 0 7 43 0 0 4 14 4
45 9 6 2 0 2 0 4 51 0 0 2 22 1
51 4 5 1 2 0 0 0 55 0 0 0 22 4
54 6 9 3 0 1 0 2 0 0 55 0 14 0
44 3 2 0 0 0 0 24 41 0 0 0 27 3
56 7 3 4 0 0 0 0 60 0 0 0 14 0
47 0 3 0 0 0 0 8 49 0 12 0 24 1
60 2 5 0 0 0 0 2 38 0 0 0 18 19
49 7 5 0 2 0 0 11 52 0 6 0 12 0
79 0 2 0 0 4 0 3 0 4 0 6 46 0
58 2 11 8 2 3 3 0 25 0 0 0 32 0
57 6 7 5 0 0 0 0 0 0 49 0 20 0
49 6 10 4 4 0 0 4 47 0 0 0 19 1
42 2 2 2 2 0 0 6 75 0 6 0 7 0
20 0 0 4 0 0 0 0 0 4 94 0 21 1
47 4 4 4 9 0 0 0 0 0 0 0 73 3
56 2 4 3 0 0 0 2 48 0 0 2 27 0
77 5 17 12 0 0 14 0 0 0 0 6 0 13
55 2 4 9 7 0 0 2 0 0 31 10 24 0
